0,519
605,5
605,4
605,3
605,2
605,1
605,0
604,5
604,4
604,3
604,2
604,1
604,0
603,6
603,5
603,4
603,3
603,2
0,516
603,1
603,0
0,506
602,4
602,3
602,2
602,1
602,0
601,3
601,2
601,1
601,0
600,5
600,4
600,3
600,2
600,1
600,0
599,5
599,4
599,3
599,2
599,1
599,0
598,6
598,5
598,4
598,3
598,2
598,1
598,0
597,4
597,3
597,2
597,1
597,0
596,3
596,2
596,1
596,0
0,505
0,504
0,501
595,5
595,4
595,3
595,2
595,1
595,0
594,5
594,4
594,3
594,2
594,1
594,0
593,6
593,5
593,4
593,3
593,2
593,1
593,0
0,496
592,4
592,3
592,2
592,1
592,0
591,3
591,2
591,1
591,0
0,495
0,494
590,5
590,4
590,3
590,2
590,1
590,0
589,5
589,4
589,3
589,2
589,1
589,0
588,6
588,5
588,4
588,3
588,2
588,1
588,0
587,4
587,3
587,2
587,1
587,0
586,3
586,2
0,493
586,1
586,0
0,492
585,5
585,4
585,3
585,2
585,1
585,0
584,5
584,4
584,3
584,2
584,1
584,0
583,6
583,5
583,4
583,3
583,2
0,483
583,1
583,0
582,4
582,3
582,2
582,1
582,0
581,3
581,2
581,1
581,0
555,36
0,482
580,5
580,4
580,3
580,2
580,1
580,0
579,5
579,4
579,3
579,2
579,1
579,0
578,6
578,5
578,4
578,3
578,2
578,1
578,0
577,4
577,3
577,2
577,1
577,0
576,3
576,2
576,1
576,0
0,480
0,479
575,5
575,4
